2003013694
2003013696
2003015295
2003015296
2003013134
2003012341
2003015303
2003015304
2003015307
2003015313
2003015323
2003015325
2003013041
2003015159
2003011541
2003015219
2003014441
2003015230
2003015302
2003015366
2003014332
2003014333
2003014334
2003014335
2003014336
2003015345
2003015373
2003014330
2003014342
2003015361
2003014331
2003015205
2003015375
2003015382
2003014407
2003014339
2003014340
2003014341
2003014343
2003015381
2003011517
2003011607
2003012048
2003012261
2003012262
2003012263
2003012285
2003012265
2003011525
2003015364
2003013576
2003015395
2003014329
2003014337
2003014338
2003015377
2003014346
2003015492
2003012045
2003014955
2003015504
2003015505
2003015506
2003012054
2003015508
2003015510
2003015541
2003015236
2003015553
2003015556
2003015557
2003014507
2003013479
2003014357
2003015552
2003015576
2003015253
2003014656
2003015582
2003013915
2003015569
2003015208
2003012167
2003014666
2003015353
2003014322
2003011845
2003015593
2003014321
2003014327
2003014328
2003012137
2003014323
2003014324
2003014325
2003014326
2003014947
2003012339
2003014184
2003014320
2003015571
2003015614
2003015595
2003014535
2003015572
2003012223
2003013685
2003015641
2003014291
2003015645
2003011952
2003011531
2003015649
2003015554
2003015650
2003015229
2003015654
2003015658
2003015613
2003015663
2003015664
2003015655
2003015667
2003015668
2003015669
2003015673
2003015676
2003011942
2003015678
2003012763
2003015680
2003015681
2003015683
2003015685
2003015688
2003015689
2003015692
2003015694
2003015693
2003015695
2003015696
2003012266
2003015652
2003012268
2003012281
2003015638
2003012067
2003015701
2003015704
2003012085
2003015706
2003015561
2003015714
2003015718
2003012776
2003015493
2003013703
2003014900
2003015727
2003012113
2003015740
2003015228
2003013683
2003015579
2003015757
2003015734
2003015731
2003015762
2003012284
2003015763
2003012501
2003015765
2003015755
2003015707
2003015761
2003014540
2003014070
2003015671
2003013643
2003015776
2003015724
2003015777
2003015778
2003015775
2003015780
2003015783
2003015766
2003015251
2003013630
2003015794
2003014728
2003015799
2003015801
2003014771
2003015812
2003015730
2003015820
2003015501
2003015825
2003015836
2003015842
2003015843
2003015846
2003012979
2003013484
2003015849
2003015851
2003015852
2003015853
2003015855
2003015854
2003015856
2003015857
2003015858
2003015859
2003015860
2003015774
2003015484
2003015867
2003015870
2003015723
2003015875
2003015877
2003015881
2003015883
2003015587
2003015899
2003015826
2003015904
2003015905
2003015894
2003015917
2003015834
2003013754
2003015924
2003015811
2003015931
2003015933
2003015732
2003014830
2003015962
2003015963
2003012214
2003015973
2003012552
2003013690
2003015975
2003015974
2003015984
2003015978
2003015988
2003015992
2003015985
2003015987
2003015989
2003015995
2003015996
2003015997
2003015986
2003011804
2003016001
2003015979
2003012276
